1 2 4 7 9 10 
1 2 4 7 9 10 
1 2 4 7 9 10 
1 2 4 7 9 10 
1 2 4 7 9 10 
1 2 4 7 9 10 
1 2 4 7 9 10 
1 2 4 7 9 10 
1 2 4 7 9 10 
1 2 4 7 9 10 
1 2 4 7 9 10 
1 2 4 7 9 10 
1 2 4 7 9 10 
1 2 4 7 9 10 
1 2 4 7 9 10 
1 2 4 7 9 10 
1 3 4 7 9 10 
1 3 4 7 9 10 
1 3 4 7 9 10 
1 3 4 7 9 10 
1 3 4 7 9 10 
1 3 4 7 9 10 
1 3 4 7 9 10 
1 3 4 7 9 10 
1 3 4 7 9 10 
1 3 4 7 9 10 
1 3 4 7 9 10 
1 3 4 7 9 10 
1 3 4 7 9 10 
1 3 4 7 9 10 
1 3 4 7 9 10 
1 3 4 7 9 10 
1 3 4 7 9 10 
1 3 4 7 9 10 
1 3 4 7 9 10 
1 3 4 7 9 10 
1 3 4 7 9 10 
1 3 4 7 9 10 
1 3 4 7 9 10 
1 3 4 7 9 10 
1 3 4 7 9 10 
1 3 4 7 9 10 
1 3 4 7 9 10 
1 3 4 7 9 10 
1 3 4 7 9 10 
1 3 4 7 9 10 
1 3 4 7 9 10 
1 3 4 7 9 10 
2 4 5 9 10 
2 4 5 9 10 
2 4 5 9 10 
2 4 5 9 10 
2 4 7 9 10 
2 4 7 9 10 
2 4 7 9 10 
2 4 7 9 10 
2 4 7 9 10 
2 4 7 9 10 
2 4 7 9 10 
2 4 7 9 10 
2 4 5 9 10 
2 4 5 9 10 
2 4 5 9 10 
2 4 5 9 10 
2 4 7 9 10 
2 4 7 9 10 
2 4 7 9 10 
2 4 7 9 10 
2 4 7 9 10 
2 4 7 9 10 
2 4 7 9 10 
2 4 7 9 10 
3 4 5 9 10 
3 4 5 9 10 
3 4 5 9 10 
3 4 5 9 10 
3 4 7 9 10 
3 4 7 9 10 
3 4 7 9 10 
3 4 7 9 10 
3 4 7 9 10 
3 4 7 9 10 
3 4 7 9 10 
3 4 7 9 10 
3 4 5 9 10 
3 4 5 9 10 
3 4 5 9 10 
3 4 5 9 10 
3 4 7 9 10 
3 4 7 9 10 
3 4 7 9 10 
3 4 7 9 10 
3 4 7 9 10 
3 4 7 9 10 
3 4 7 9 10 
3 4 7 9 10 
3 4 5 9 10 
3 4 5 9 10 
3 4 5 9 10 
3 4 5 9 10 
3 4 7 9 10 
3 4 7 9 10 
3 4 7 9 10 
3 4 7 9 10 
3 4 7 9 10 
3 4 7 9 10 
3 4 7 9 10 
3 4 7 9 10 
3 4 5 9 10 
3 4 5 9 10 
3 4 5 9 10 
3 4 5 9 10 
3 4 7 9 10 
3 4 7 9 10 
3 4 7 9 10 
3 4 7 9 10 
3 4 7 9 10 
3 4 7 9 10 
3 4 7 9 10 
3 4 7 9 10 
2 4 6 7 10 
2 4 6 7 10 
2 4 6 7 10 
2 4 6 7 10 
2 4 7 9 10 
2 4 7 9 10 
2 4 7 9 10 
2 4 7 9 10 
2 4 7 9 10 
2 4 7 9 10 
2 4 7 9 10 
2 4 7 9 10 
2 4 6 7 10 
2 4 6 7 10 
2 4 6 7 10 
2 4 6 7 10 
2 4 7 9 10 
2 4 7 9 10 
2 4 7 9 10 
2 4 7 9 10 
2 4 7 9 10 
2 4 7 9 10 
2 4 7 9 10 
2 4 7 9 10 
3 4 6 7 10 
3 4 6 7 10 
3 4 6 7 10 
3 4 6 7 10 
3 4 7 9 10 
3 4 7 9 10 
3 4 7 9 10 
3 4 7 9 10 
3 4 7 9 10 
3 4 7 9 10 
3 4 7 9 10 
3 4 7 9 10 
3 4 6 7 10 
3 4 6 7 10 
3 4 6 7 10 
3 4 6 7 10 
3 4 7 9 10 
3 4 7 9 10 
3 4 7 9 10 
3 4 7 9 10 
3 4 7 9 10 
3 4 7 9 10 
3 4 7 9 10 
3 4 7 9 10 
3 4 6 7 10 
3 4 6 7 10 
3 4 6 7 10 
3 4 6 7 10 
3 4 7 9 10 
3 4 7 9 10 
3 4 7 9 10 
3 4 7 9 10 
3 4 7 9 10 
3 4 7 9 10 
3 4 7 9 10 
3 4 7 9 10 
3 4 6 7 10 
3 4 6 7 10 
3 4 6 7 10 
3 4 6 7 10 
3 4 7 9 10 
3 4 7 9 10 
3 4 7 9 10 
3 4 7 9 10 
3 4 7 9 10 
3 4 7 9 10 
3 4 7 9 10 
3 4 7 9 10 
2 4 7 8 10 
2 4 7 8 10 
2 4 7 9 10 
2 4 7 9 10 
2 4 7 9 10 
2 4 7 9 10 
2 4 7 8 10 
2 4 7 8 10 
2 4 7 9 10 
2 4 7 9 10 
2 4 7 9 10 
2 4 7 9 10 
2 4 7 8 10 
2 4 7 8 10 
2 4 7 9 10 
2 4 7 9 10 
2 4 7 9 10 
2 4 7 9 10 
2 4 7 8 10 
2 4 7 8 10 
2 4 7 9 10 
2 4 7 9 10 
2 4 7 9 10 
2 4 7 9 10 
3 4 7 8 10 
3 4 7 8 10 
3 4 7 9 10 
3 4 7 9 10 
3 4 7 9 10 
3 4 7 9 10 
3 4 7 8 10 
3 4 7 8 10 
3 4 7 9 10 
3 4 7 9 10 
3 4 7 9 10 
3 4 7 9 10 
3 4 7 8 10 
3 4 7 8 10 
3 4 7 9 10 
3 4 7 9 10 
3 4 7 9 10 
3 4 7 9 10 
3 4 7 8 10 
3 4 7 8 10 
3 4 7 9 10 
3 4 7 9 10 
3 4 7 9 10 
3 4 7 9 10 
3 4 7 8 10 
3 4 7 8 10 
3 4 7 9 10 
3 4 7 9 10 
3 4 7 9 10 
3 4 7 9 10 
3 4 7 8 10 
3 4 7 8 10 
3 4 7 9 10 
3 4 7 9 10 
3 4 7 9 10 
3 4 7 9 10 
3 4 7 8 10 
3 4 7 8 10 
3 4 7 9 10 
3 4 7 9 10 
3 4 7 9 10 
3 4 7 9 10 
3 4 7 8 10 
3 4 7 8 10 
3 4 7 9 10 
3 4 7 9 10 
3 4 7 9 10 
3 4 7 9 10 
